Best:   (1.44806e-12) -0.412083 -0.20372 -0.04 (0.212914)
Best:   (1.44806e-12) -0.412083 -0.20372 -0.04 (0.212914)
Best:   (3.29462e-13) 0.0224554 0.00262427 0 (0.000511133)
Best:   (1.04672e-15) 0.0185595 0.00262427 0 (0.00035134)
Best:   (1.04672e-15) 0.0185595 0.00262427 0 (0.00035134)
Best:   (1.04672e-15) 0.0185595 0.00262427 0 (0.00035134)
Best:   (1.04672e-15) 0.0185595 0.00262427 0 (0.00035134)
Best:   (1.04672e-15) 0.0185595 0.00262427 0 (0.00035134)
Best:   (6.22e-16) 0.0187431 0.00262427 0 (0.000358189)
Best:   (5.88689e-16) 0.0187197 0.00262427 0 (0.000357312)
Best:   (6.34841e-17) 0.00618456 0.000867717 0 (3.90017e-05)
Best:   (6.34841e-17) 0.00618456 0.000867717 0 (3.90017e-05)
Best:   (6.34841e-17) 0.00618456 0.000867717 0 (3.90017e-05)
Best:   (6.34841e-17) 0.00618456 0.000867717 0 (3.90017e-05)
Best:   (6.34841e-17) 0.00618456 0.000867717 0 (3.90017e-05)
Best:   (6.34841e-17) 0.00618456 0.000867717 0 (3.90017e-05)
Best:   (6.34841e-17) 0.00618456 0.000867717 0 (3.90017e-05)
Best:   (6.34841e-17) 0.00618456 0.000867717 0 (3.90017e-05)
Best:   (6.34841e-17) 0.00618456 0.000867717 0 (3.90017e-05)
Best:   (5.8549e-17) 0.00393117 0.000556887 0 (1.57642e-05)
Best:   (3.31289e-17) -0.00436654 -0.000611589 0 (1.94407e-05)
Best:   (1.54328e-17) -0.00222716 -0.000310048 0 (5.05638e-06)
Best:   (6.05504e-19) -0.00056516 -7.95548e-05 0 (3.25735e-07)
Best:   (1.21342e-19) -0.000251011 -3.51034e-05 0 (6.4239e-08)
Best:   (1.21342e-19) -0.000251011 -3.51034e-05 0 (6.4239e-08)
Best:   (1.21342e-19) -0.000251011 -3.51034e-05 0 (6.4239e-08)
Best:   (1.21342e-19) -0.000251011 -3.51034e-05 0 (6.4239e-08)
Best:   (1.21342e-19) -0.000251011 -3.51034e-05 0 (6.4239e-08)
Best:   (1.21342e-19) -0.000251011 -3.51034e-05 0 (6.4239e-08)
Best:   (1.21342e-19) -0.000251011 -3.51034e-05 0 (6.4239e-08)
Best:   (1.21342e-19) -0.000251011 -3.51034e-05 0 (6.4239e-08)
Best:   (1.12542e-20) -7.0923e-05 -9.90292e-06 0 (5.12813e-09)
Best:   (1.12542e-20) -7.0923e-05 -9.90292e-06 0 (5.12813e-09)
Best:   (1.12542e-20) -7.0923e-05 -9.90292e-06 0 (5.12813e-09)
Best:   (3.28311e-21) -4.40142e-05 -6.17005e-06 0 (1.97532e-09)
Best:   (3.28311e-21) -4.40142e-05 -6.17005e-06 0 (1.97532e-09)
Best:   (3.28311e-21) -4.40142e-05 -6.17005e-06 0 (1.97532e-09)
Best:   (1.09504e-21) -2.44599e-05 -3.44125e-06 0 (6.1013e-10)
Best:   (9.03736e-22) 1.01111e-05 1.39348e-06 0 (1.04176e-10)
Best:   (4.88425e-22) -1.43742e-05 -2.02812e-06 0 (2.1073e-10)
Best:   (4.88425e-22) -1.43742e-05 -2.02812e-06 0 (2.1073e-10)
Best:   (4.77104e-22) -1.40262e-05 -1.97949e-06 0 (2.00653e-10)
Best:   (3.65563e-22) -8.716e-06 -1.23744e-06 0 (7.75e-11)
Best:   (2.95424e-22) 1.34624e-05 1.88779e-06 0 (1.848e-10)
Best:   (2.95424e-22) 1.34624e-05 1.88779e-06 0 (1.848e-10)
Best:   (2.43794e-23) 2.54847e-06 3.53735e-07 0 (6.61983e-12)
Best:   (1.66215e-23) 5.98125e-08 1.18086e-08 0 (3.71697e-15)
Best:   (1.66215e-23) 5.98125e-08 1.18086e-08 0 (3.71697e-15)
Best:   (1.66215e-23) 5.98125e-08 1.18086e-08 0 (3.71697e-15)
Best:   (5.88599e-24) 1.02385e-07 1.18086e-08 0 (1.06222e-14)
Best:   (6.50239e-25) 9.17673e-08 1.18086e-08 0 (8.56068e-15)
Best:   (1.54241e-25) 8.39734e-08 1.18086e-08 0 (7.19098e-15)
Best:   (2.4623e-26) 8.74027e-08 1.18086e-08 0 (7.77868e-15)
Best:   (2.4623e-26) 8.74027e-08 1.18086e-08 0 (7.77868e-15)
Best:   (2.4623e-26) 8.74027e-08 1.18086e-08 0 (7.77868e-15)
Best:   (2.4623e-26) 8.74027e-08 1.18086e-08 0 (7.77868e-15)
Best:   (2.4623e-26) 8.74027e-08 1.18086e-08 0 (7.77868e-15)
Best:   (5.30246e-27) 9.16374e-08 1.25167e-08 0 (8.55408e-15)
Best:   (5.30246e-27) 9.16374e-08 1.25167e-08 0 (8.55408e-15)
Best:   (5.30246e-27) 9.16374e-08 1.25167e-08 0 (8.55408e-15)
Best:   (5.30246e-27) 9.16374e-08 1.25167e-08 0 (8.55408e-15)
Best:   (5.30246e-27) 9.16374e-08 1.25167e-08 0 (8.55408e-15)
Best:   (5.30246e-27) 9.16374e-08 1.25167e-08 0 (8.55408e-15)
Best:   (3.97103e-27) 1.19354e-07 1.63735e-08 0 (1.45134e-14)
Best:   (7.92265e-28) 1.55684e-07 2.15194e-08 0 (2.47006e-14)
Best:   (7.92265e-28) 1.55684e-07 2.15194e-08 0 (2.47006e-14)
Best:   (7.29508e-28) 1.3571e-07 1.87101e-08 0 (1.87674e-14)
Best:   (7.29508e-28) 1.3571e-07 1.87101e-08 0 (1.87674e-14)
Best:   (7.29508e-28) 1.3571e-07 1.87101e-08 0 (1.87674e-14)
Best:   (5.87351e-28) 1.38125e-07 1.90528e-08 0 (1.94416e-14)
Best:   (5.87351e-28) 1.38125e-07 1.90528e-08 0 (1.94416e-14)
Best:   (5.46438e-28) 1.45262e-07 2.00554e-08 0 (2.15031e-14)
Best:   (5.46438e-28) 1.45262e-07 2.00554e-08 0 (2.15031e-14)
Best:   (4.97896e-28) 1.48526e-07 2.05104e-08 0 (2.24807e-14)
Best:   (4.97896e-28) 1.48526e-07 2.05104e-08 0 (2.24807e-14)
Best:   (4.6357e-28) 1.44227e-07 1.99082e-08 0 (2.11978e-14)
Best:   (4.6357e-28) 1.44227e-07 1.99082e-08 0 (2.11978e-14)
Best:   (4.6357e-28) 1.44227e-07 1.99082e-08 0 (2.11978e-14)
Best:   (4.6357e-28) 1.44227e-07 1.99082e-08 0 (2.11978e-14)
Best:   (4.6357e-28) 1.44227e-07 1.99082e-08 0 (2.11978e-14)
Best:   (4.6357e-28) 1.44227e-07 1.99082e-08 0 (2.11978e-14)
Best:   (4.6357e-28) 1.44227e-07 1.99082e-08 0 (2.11978e-14)
Best:   (4.37219e-28) 1.45951e-07 2.01515e-08 0 (2.17078e-14)
Best:   (4.37219e-28) 1.45951e-07 2.01515e-08 0 (2.17078e-14)
Best:   (4.37219e-28) 1.45951e-07 2.01515e-08 0 (2.17078e-14)
Best:   (4.37219e-28) 1.45951e-07 2.01515e-08 0 (2.17078e-14)
Best:   (4.37219e-28) 1.45951e-07 2.01515e-08 0 (2.17078e-14)
Best:   (4.37219e-28) 1.45951e-07 2.01515e-08 0 (2.17078e-14)
Best:   (4.37219e-28) 1.45951e-07 2.01515e-08 0 (2.17078e-14)
Best:   (4.21617e-28) 1.45488e-07 2.00854e-08 0 (2.15702e-14)
Best:   (4.21617e-28) 1.45488e-07 2.00854e-08 0 (2.15702e-14)
Best:   (4.21617e-28) 1.45488e-07 2.00854e-08 0 (2.15702e-14)
Best:   (4.21617e-28) 1.45488e-07 2.00854e-08 0 (2.15702e-14)
Best:   (4.21617e-28) 1.45488e-07 2.00854e-08 0 (2.15702e-14)
Best:   (4.21617e-28) 1.45488e-07 2.00854e-08 0 (2.15702e-14)
Best:   (4.21617e-28) 1.45488e-07 2.00854e-08 0 (2.15702e-14)
Best:   (4.21617e-28) 1.45488e-07 2.00854e-08 0 (2.15702e-14)
Best:   (4.21617e-28) 1.45488e-07 2.00854e-08 0 (2.15702e-14)
Best:   (4.21617e-28) 1.45488e-07 2.00854e-08 0 (2.15702e-14)
Best:   (4.21617e-28) 1.45488e-07 2.00854e-08 0 (2.15702e-14)
Best:   (4.21617e-28) 1.45488e-07 2.00854e-08 0 (2.15702e-14)
Best:   (4.17109e-28) 1.45266e-07 2.00543e-08 0 (2.15045e-14)
Best:   (4.17109e-28) 1.45266e-07 2.00543e-08 0 (2.15045e-14)
Best:   (4.17109e-28) 1.45266e-07 2.00543e-08 0 (2.15045e-14)
Best:   (4.17109e-28) 1.45266e-07 2.00543e-08 0 (2.15045e-14)
Best:   (4.17109e-28) 1.45266e-07 2.00543e-08 0 (2.15045e-14)
Best:   (4.17109e-28) 1.45266e-07 2.00543e-08 0 (2.15045e-14)
Best:   (3.94919e-28) 1.45275e-07 2.00519e-08 0 (2.15068e-14)
Best:   (3.94919e-28) 1.45275e-07 2.00519e-08 0 (2.15068e-14)
Best:   (3.94919e-28) 1.45275e-07 2.00519e-08 0 (2.15068e-14)
Best:   (3.94919e-28) 1.45275e-07 2.00519e-08 0 (2.15068e-14)
Best:   (3.94919e-28) 1.45275e-07 2.00519e-08 0 (2.15068e-14)
Best:   (3.94919e-28) 1.45275e-07 2.00519e-08 0 (2.15068e-14)
Best:   (3.94919e-28) 1.45275e-07 2.00519e-08 0 (2.15068e-14)
Best:   (3.94919e-28) 1.45275e-07 2.00519e-08 0 (2.15068e-14)
Best:   (3.94919e-28) 1.45275e-07 2.00519e-08 0 (2.15068e-14)
Best:   (3.94919e-28) 1.45275e-07 2.00519e-08 0 (2.15068e-14)
Best:   (3.94919e-28) 1.45275e-07 2.00519e-08 0 (2.15068e-14)
Best:   (3.94919e-28) 1.45275e-07 2.00519e-08 0 (2.15068e-14)
Best:   (3.94919e-28) 1.45275e-07 2.00519e-08 0 (2.15068e-14)
Best:   (3.94919e-28) 1.45275e-07 2.00519e-08 0 (2.15068e-14)
Best:   (3.94919e-28) 1.45275e-07 2.00519e-08 0 (2.15068e-14)
Best:   (3.94919e-28) 1.45275e-07 2.00519e-08 0 (2.15068e-14)
Best:   (3.94919e-28) 1.45275e-07 2.00519e-08 0 (2.15068e-14)
Best:   (3.94919e-28) 1.45275e-07 2.00519e-08 0 (2.15068e-14)
Best:   (3.94919e-28) 1.45275e-07 2.00519e-08 0 (2.15068e-14)
Best:   (3.94919e-28) 1.45275e-07 2.00519e-08 0 (2.15068e-14)
Best:   (3.94919e-28) 1.45275e-07 2.00519e-08 0 (2.15068e-14)
Best:   (3.94919e-28) 1.45275e-07 2.00519e-08 0 (2.15068e-14)
Best:   (3.94919e-28) 1.45275e-07 2.00519e-08 0 (2.15068e-14)
Best:   (3.94919e-28) 1.45275e-07 2.00519e-08 0 (2.15068e-14)
Best:   (3.94919e-28) 1.45275e-07 2.00519e-08 0 (2.15068e-14)
Best:   (3.94919e-28) 1.45275e-07 2.00519e-08 0 (2.15068e-14)
Best:   (3.94919e-28) 1.45275e-07 2.00519e-08 0 (2.15068e-14)
Best:   (3.94919e-28) 1.45275e-07 2.00519e-08 0 (2.15068e-14)
Best:   (3.94919e-28) 1.45275e-07 2.00519e-08 0 (2.15068e-14)
Best:   (3.94919e-28) 1.45275e-07 2.00519e-08 0 (2.15068e-14)
Best:   (3.94919e-28) 1.45275e-07 2.00519e-08 0 (2.15068e-14)
Best:   (3.94919e-28) 1.45275e-07 2.00519e-08 0 (2.15068e-14)
Best:   (3.94919e-28) 1.45275e-07 2.00519e-08 0 (2.15068e-14)
Best:   (3.94919e-28) 1.45275e-07 2.00519e-08 0 (2.15068e-14)
Best:   (3.94919e-28) 1.45275e-07 2.00519e-08 0 (2.15068e-14)
Best:   (3.94919e-28) 1.45275e-07 2.00519e-08 0 (2.15068e-14)
Best:   (3.94919e-28) 1.45275e-07 2.00519e-08 0 (2.15068e-14)
Best:   (3.94919e-28) 1.45275e-07 2.00519e-08 0 (2.15068e-14)
Best:   (3.94919e-28) 1.45275e-07 2.00519e-08 0 (2.15068e-14)
Best:   (3.94919e-28) 1.45275e-07 2.00519e-08 0 (2.15068e-14)
Best:   (3.94919e-28) 1.45275e-07 2.00519e-08 0 (2.15068e-14)
Best:   (3.94919e-28) 1.45275e-07 2.00519e-08 0 (2.15068e-14)
Best:   (3.94919e-28) 1.45275e-07 2.00519e-08 0 (2.15068e-14)
Best:   (3.94919e-28) 1.45275e-07 2.00519e-08 0 (2.15068e-14)
Best:   (3.94919e-28) 1.45275e-07 2.00519e-08 0 (2.15068e-14)
Best:   (3.94919e-28) 1.45275e-07 2.00519e-08 0 (2.15068e-14)
Best:   (3.94919e-28) 1.45275e-07 2.00519e-08 0 (2.15068e-14)
Best:   (3.94919e-28) 1.45275e-07 2.00519e-08 0 (2.15068e-14)
Best:   (3.94919e-28) 1.45275e-07 2.00519e-08 0 (2.15068e-14)
Best:   (3.94919e-28) 1.45275e-07 2.00519e-08 0 (2.15068e-14)
Best:   (3.94919e-28) 1.45275e-07 2.00519e-08 0 (2.15068e-14)
Best:   (3.94919e-28) 1.45275e-07 2.00519e-08 0 (2.15068e-14)
Best:   (3.94919e-28) 1.45275e-07 2.00519e-08 0 (2.15068e-14)
Best:   (3.94919e-28) 1.45275e-07 2.00519e-08 0 (2.15068e-14)
Best:   (3.94919e-28) 1.45275e-07 2.00519e-08 0 (2.15068e-14)
Best:   (3.85904e-28) 1.4309e-07 1.97498e-08 0 (2.08647e-14)
Best:   (3.85904e-28) 1.4309e-07 1.97498e-08 0 (2.08647e-14)
Best:   (3.85904e-28) 1.4309e-07 1.97498e-08 0 (2.08647e-14)
Best:   (3.85904e-28) 1.4309e-07 1.97498e-08 0 (2.08647e-14)
Best:   (3.85904e-28) 1.4309e-07 1.97498e-08 0 (2.08647e-14)
Best:   (3.85904e-28) 1.4309e-07 1.97498e-08 0 (2.08647e-14)
Best:   (3.85904e-28) 1.4309e-07 1.97498e-08 0 (2.08647e-14)
Best:   (3.85904e-28) 1.4309e-07 1.97498e-08 0 (2.08647e-14)
Best:   (3.85904e-28) 1.4309e-07 1.97498e-08 0 (2.08647e-14)
Best:   (3.85904e-28) 1.4309e-07 1.97498e-08 0 (2.08647e-14)
Best:   (3.85904e-28) 1.4309e-07 1.97498e-08 0 (2.08647e-14)
Best:   (3.85904e-28) 1.4309e-07 1.97498e-08 0 (2.08647e-14)
Best:   (3.85904e-28) 1.4309e-07 1.97498e-08 0 (2.08647e-14)
Best:   (3.85904e-28) 1.4309e-07 1.97498e-08 0 (2.08647e-14)
Best:   (3.85904e-28) 1.4309e-07 1.97498e-08 0 (2.08647e-14)
Best:   (3.85904e-28) 1.4309e-07 1.97498e-08 0 (2.08647e-14)
Best:   (3.85904e-28) 1.4309e-07 1.97498e-08 0 (2.08647e-14)
Best:   (3.85904e-28) 1.4309e-07 1.97498e-08 0 (2.08647e-14)
Best:   (3.85904e-28) 1.4309e-07 1.97498e-08 0 (2.08647e-14)
Best:   (3.85904e-28) 1.4309e-07 1.97498e-08 0 (2.08647e-14)
Best:   (3.85904e-28) 1.4309e-07 1.97498e-08 0 (2.08647e-14)
Best:   (3.85904e-28) 1.4309e-07 1.97498e-08 0 (2.08647e-14)
Best:   (3.85904e-28) 1.4309e-07 1.97498e-08 0 (2.08647e-14)
Best:   (3.85904e-28) 1.4309e-07 1.97498e-08 0 (2.08647e-14)
Best:   (3.85904e-28) 1.4309e-07 1.97498e-08 0 (2.08647e-14)
Best:   (3.85904e-28) 1.4309e-07 1.97498e-08 0 (2.08647e-14)
Best:   (3.85904e-28) 1.4309e-07 1.97498e-08 0 (2.08647e-14)
Best:   (3.85904e-28) 1.4309e-07 1.97498e-08 0 (2.08647e-14)
Best:   (3.85904e-28) 1.4309e-07 1.97498e-08 0 (2.08647e-14)
Best:   (3.85904e-28) 1.4309e-07 1.97498e-08 0 (2.08647e-14)
Best:   (3.85904e-28) 1.4309e-07 1.97498e-08 0 (2.08647e-14)
Best:   (3.85904e-28) 1.4309e-07 1.97498e-08 0 (2.08647e-14)
Best:   (3.85904e-28) 1.4309e-07 1.97498e-08 0 (2.08647e-14)
Best:   (3.85904e-28) 1.4309e-07 1.97498e-08 0 (2.08647e-14)
Best:   (3.85904e-28) 1.4309e-07 1.97498e-08 0 (2.08647e-14)
Best:   (3.85904e-28) 1.4309e-07 1.97498e-08 0 (2.08647e-14)
Best:   (3.85904e-28) 1.4309e-07 1.97498e-08 0 (2.08647e-14)
Best:   (3.85904e-28) 1.4309e-07 1.97498e-08 0 (2.08647e-14)

range(-1, 1, continuous space)
